"8.
1.
6.
2.
6.
2.
5.
4.
7.
6.
3.
37
6.
5.
4.
Supiceur
74
35
7,
10
"
bounds: (70,19),(617,19),(617,447),(70,447)
"8."
bounds: (473,29),(503,28),(504,58),(474,59)
"1."
bounds: (415,79),(442,78),(443,107),(416,108)
"6."
bounds: (189,129),(209,129),(209,152),(189,152)
"2."
bounds: (126,175),(156,175),(156,206),(126,206)
"6."
bounds: (248,177),(268,177),(268,201),(248,201)
"2."
bounds: (250,226),(267,226),(267,250),(250,250)
"5."
bounds: (478,224),(495,224),(495,248),(478,248)
"4."
bounds: (304,272),(331,272),(331,297),(304,297)
"7."
bounds: (536,271),(554,271),(554,293),(536,293)
"6."
bounds: (246,321),(275,321),(275,350),(246,350)
"3."
bounds: (483,320),(499,320),(499,343),(483,343)
"37"
bounds: (70,373),(151,372),(151,405),(70,406)
"6."
bounds: (538,367),(567,367),(567,396),(538,396)
"5."
bounds: (192,421),(211,421),(211,447),(192,447)
"4."
bounds: (361,416),(391,416),(391,446),(361,446)
"Supiceur"
bounds: (617,20),(614,162),(582,161),(585,19)
"74"
bounds: (495,128),(496,199),(475,199),(474,128)
"35"
bounds: (381,80),(383,152),(365,152),(363,80)
"7,"
bounds: (273,26),(274,62),(242,62),(241,26)
"10"
bounds: (212,270),(213,300),(192,300),(191,270)
